OTU_ID	GreenGene_ID	R1	R2	SS
ASV68	2534	98.3333333333333	44	2
ASV1952	18609	9	15	4.5
ASV201	32687	5.66666666666667	9	116
ASV69	33376	42	22.5	10
ASV1205	56542	32	98	368
ASV5	59347	965.5	243	5.5
ASV626	65433	21	126	147
ASV81	97561	5.5	4.75	12.75
ASV1161	113658	1	4.5	15
ASV47	115333	22	16	67
ASV140	131314	9	20	93
ASV98	138506	88	66.6666666666667	13.3333333333333
ASV405	139405	4	4	20
ASV128	141305	37	59	53
ASV28	141733	26.5	21.5	23
ASV532	149540	9.5	27	330.5
ASV304	153212	31.6666666666667	332.333333333333	40
ASV353	155917	7.33333333333333	5.66666666666667	29.6666666666667
ASV1265	172221	4.5	7	45.5
ASV603	203403	4	5	10
ASV77	205130	79	68	4
ASV531	210865	6	7	2
ASV1214	213375	8.33333333333333	3.66666666666667	112.333333333333
ASV1708	215943	2	38	7
ASV33	235519	16	36.6666666666667	60.6666666666667
ASV812	235521	4	3.5	3.5
ASV85	238896	84	52	309.5
ASV199	240444	202.5	35.5	32
ASV883	242145	10.5	7.5	14
ASV256	242568	41.5	37.5	91
ASV621	243760	3.5	50.5	642
ASV1709	244050	2	4	14
ASV544	249437	4.5	3.5	1
ASV278	253298	12	34	860
ASV399	253734	3.5	6	10.5
ASV169	253948	24	15.3333333333333	74
ASV1469	259155	5	6.5	14.5
ASV364	271514	6	10	83.5
ASV54	278471	103.333333333333	85.6666666666667	49
ASV273	303607	42.5	20.5	27.5
ASV1794	330902	3.33333333333333	11.6666666666667	4
ASV132	332041	9	16.5	33
ASV1241	349891	5.5	24.5	61
ASV78	350596	69.5	208.5	84
ASV104	356762	10	5.33333333333333	13.6666666666667
ASV1781	510574	6.33333333333333	22.6666666666667	4
ASV76	513102	8.5	6	25
ASV48	513834	23	3.5	1.5
ASV46	515309	20.5	31.5	77
ASV1218	525955	3	10.6666666666667	84.3333333333333
ASV640	527118	7	11.5	3.5
ASV2030	528226	4	41.5	3.5
ASV374	537182	0.7	1.3	2.1
ASV1481	538843	4	8	14
ASV338	542211	10.5	26.5	49
ASV403	547550	6.66666666666667	6	12.3333333333333
ASV1312	554198	5	18	32.5
ASV233	558559	17.3333333333333	10.3333333333333	18.3333333333333
ASV1422	563202	10.5	10	18.5
ASV1203	564492	1	5.33333333333333	587.666666666667
ASV781	564557	1	9.33333333333333	195.666666666667
ASV241	565419	45.5	35	55
ASV1526	567459	1	3	11.5
ASV794	570335	12	11.5	4
ASV1503	571737	15	16.5	13
ASV411	575348	5.5	16	49.5
ASV1549	576076	1.5	8.5	11
ASV1144	577100	3.5	5.5	36.5
ASV27	585391	39	69	7
ASV1017	590029	3.5	3	34
ASV1467	590690	13	6.5	14.5
ASV180	593976	164	43.75	9.75
ASV57	618303	9.5	8	6.5
ASV1233	628385	10	58	72.5
ASV1752	652938	7.5	42	6.5
ASV329	657201	2.5	6.5	11.5
ASV1207	659760	13.3333333333333	15.3333333333333	210
ASV12	674796	573	292.5	126.5
ASV74	681059	32	13.5	7.5
ASV187	685454	15.5	67	27.5
ASV124	707956	22	17	40
ASV1814	740154	2.8	3.4	2.2
ASV64	754285	8	28.3333333333333	52.3333333333333
ASV361	759013	69.6666666666667	39	42.6666666666667
ASV200	771023	9.66666666666667	6	6.33333333333333
ASV509	787166	9	12	9.5
ASV681	807534	6	170.333333333333	73.6666666666667
ASV1043	808856	1.5	1	6
ASV345	809024	6	11	41.5
ASV1220	817380	5.5	29.5	113.5
ASV1075	819447	1.6	1.2	3
ASV295	821570	100.5	50.5	39
ASV116	823333	7	10.5	25
ASV1364	823723	15	84.5	24.5
ASV205	825904	109.333333333333	244	260.666666666667
ASV373	828234	18	31.5	37
ASV59	828431	47	12	1
ASV207	830539	357.666666666667	285.666666666667	3.33333333333333
ASV474	831162	49	34	123.333333333333
ASV503	832652	33	14.5	8.5
ASV217	838192	8.5	14	17.5
ASV1801	878053	6.5	9	6
ASV772	930055	3.5	4	6.5
ASV2117	934407	13.3333333333333	37.3333333333333	2
ASV686	943138	11.5	14.5	6.5
ASV173	962282	8.5	18	30
ASV378	998979	17.3333333333333	110.666666666667	31
ASV72	1014067	5.5	10	13
ASV230	1014513	2.5	4.5	7.5
ASV365	1021554	15	13.5	4
ASV461	1064541	16	35	20
ASV518	1107467	12.5	5	6
ASV29	1119093	216	428	781
ASV392	1121898	21.5	22.5	143.5
ASV261	1124436	14	7	22
ASV424	1132285	19.5	71.5	23
ASV696	1136556	760.666666666667	219.333333333333	2.33333333333333
ASV213	1143971	42	196.5	67
ASV1561	1719556	20	13	10.5
ASV1362	1908829	4	54	49
ASV707	2216507	5	6.5	7
ASV473	2410340	22	7	11
ASV1326	2464957	1.66666666666667	31	20
ASV1437	2775213	6.66666666666667	16.3333333333333	11.3333333333333
ASV674	2788504	0.8	2	11.6
ASV121	3198574	46.5	12	5
ASV1321	3533825	3	12	61
ASV1433	3599950	4	119.25	8.75
ASV893	3608293	5.6	12.8	4.8
ASV2246	3658133	13.5	9.5	2
ASV324	3802884	26	449	10
ASV152	3878646	129.5	47.5	61
ASV20	3954606	112.5	54.5	10
ASV290	4017244	35	27	18
ASV358	4017973	16.5	4.5	15.5
ASV885	4032624	9.5	12.5	18.5
ASV545	4083693	3.5	20.5	21
ASV661	4203053	44	24	37.3333333333333
ASV1463	4320917	2.5	4	15
ASV160	4320960	6.5	10.5	16.5
ASV590	4330650	4	5.33333333333333	4.33333333333333
ASV221	4335100	23.5	29	9.5
ASV2041	4340806	9	18	3.5
ASV294	4345944	5.5	12.5	165
ASV2	4350787	69.5714285714286	56.2857142857143	1.71428571428571
ASV238	4354530	2.75	12.25	8.5
ASV1780	4355539	5	11	12
ASV2166	4357726	2	3	2.5
ASV1222	4357989	30.6666666666667	5.66666666666667	67
ASV434	4358249	1.5	13	6.5
ASV1735	4367287	7	6	7
ASV1859	4369011	3	3.5	5
ASV260	4370900	137.333333333333	149	14
ASV1515	4374002	13	27.5	12.5
ASV82	4380954	56	428	425
ASV1266	4394167	1	2.5	45.5
ASV44	4398257	65.5	38	189
ASV288	4401899	31	9	1.33333333333333
ASV1541	4403421	2.5	2	11
ASV2388	4416997	4	6	3
ASV164	4426766	384.333333333333	255	46.3333333333333
ASV1204	4427564	1.5	7	418
ASV431	4434043	3	4.2	1.2
ASV2060	4451543	4	4	3.5
ASV25	4464808	64.75	114.25	244.75
ASV1603	4473308	5.5	8	9.5
ASV834	4483987	2.5	5	6.5
